Dep,Tof,Nr,Var4,Var5,a2,a4,a6,G2,G3,Range
7700,900,1,61.995031208968,252.131476644762,0.0975678323471843,-0.348385333257536,0.1405577124302,-0.00180657374590363,3.78366611273759,0.767944870877505
7700,1000,1,64.9899480082389,202.599373434582,0.0925108460215746,-0.343662875839107,0.128803827289254,-0.00181250512074078,3.70280423332124,0.71069638435798
7700,1100,1,68.2709758556953,172.689327743034,0.0936575539290024,-0.353973648123738,0.103323651544237,0.00088647131922812,0.635735591640658,0.767944870877505
7700,1200,1,65.6046116416136,36.189246076011,0.0976269706046433,-0.38672889253928,0.109048582558702,-0.00193117340917167,3.65222120874642,0.650156807658157
7700,1300,1,74.2318047837969,229.485171542328,0.0627380248422409,-0.271220095959748,0.0381174461560639,-0.000448086807750566,2.51726551400082,0.663297671938072
7700,1400,1,57.3950359919856,2.08108890498586,0.0236786086472235,-0.158641818987568,-0.0177627857488546,0.00158706014395774,6.28318530717959,0.767944870877505
7700,1500,1,124.277740825864,128.143688192194,-0.0198603430656459,-0.104059274651268,-0.0471202682987549,-3.43154819737413e-05,3.03837461654505,0.513333241810317
7700,1600,1,61.5285534556119,9.90108520535173,0.0314761819606685,-0.127354127108169,0.0630038059268242,-0.00144791937077801,3.14915537751351,0.767944870877505
7700,1700,1,64.5986230221078,30.384027244958,0.00699277492113213,-0.0966478878818782,0.0227993545604141,0.00135973462853891,0.146085604756851,0.697478851641545
7700,1800,1,67.5389783427284,44.0659613527814,0.0249496869139851,-0.126721088233892,0.039433787136869,-0.00114452387181586,2.84925779083272,0.630488711329134
7700,1900,1,65.6326213216698,5.85911199056994,-0.000338091924077288,-0.0838943535540485,0.0111251953687453,0.00161218074792465,0.406456593166354,0.767938300877505
7700,2000,1,66.6969675331815,23.7790452745624,0.0229750333566438,-0.124494589305377,0.0269116261128917,0.000742002567050044,0,0.767944870877505
7800,900,1,64.625291442578,287.592365838222,0.114643845093706,-0.406513603988866,0.121023122511457,-0.00186069767032538,3.92826445098018,0.767944870877505
7800,1000,1,65.9513668929967,195.075112255481,0.111005004525787,-0.410301132733994,0.106097434123721,0.00189495672108361,0.744192742280018,0.767944870877505
7800,1100,1,66.9287752617098,76.177838751191,0.102091637239369,-0.401356229279198,0.0797060416854349,0.00190518283842279,0.68737749559212,0.767944870877505
7800,1200,1,58.1074921791636,16.8598738165219,0.0915025201189418,-0.372001535790481,0.0387866562998477,0.00148791419727195,0.424254999860092,0.767944870877505
7800,1300,1,69.7371301431338,0.219678548484481,0.0379278130301016,-0.194367168584119,-0.033951354990891,-0.00030179275927761,2.51300934011156,0.743998558432507
7800,1400,1,93.8532402435742,299.167653573739,-0.0147871915206454,-0.056924968151505,-0.0203201823747627,-0.00110534428629852,4.33237386204349,0.623674991949953
7800,1500,1,64.236017337972,23.6685130317227,0.0290816666918348,-0.132315489369339,0.0525137227873328,0.00108277707667986,0,0.753802761126704
7800,1600,1,66.5584801956398,2.45741727237956,0.0235735543223986,-0.11245929087577,0.0575051749721314,-0.00103936989489234,3.24733365381504,0.718374648217996
7800,1700,1,66.2119175052877,0.13782327537406,0.0175326900018105,-0.104038833884112,0.0489437222706302,-0.00104589205032929,3.23692774022138,0.767944870877505
7800,1800,1,69.3280320103738,39.1278493460653,0.0286448716499861,-0.128997771517951,0.052549422561506,0.000567759131071222,0.168496314063412,0.671397427986512
7800,1900,1,66.9363497497174,0.366076540701599,-0.000390464561773651,-0.0738009085692419,0.0270675249336449,-0.00122700142020148,3.51112284527724,0.767944870877505
7800,2000,1,75.1533565655453,52.3743524527134,0.0293670363601584,-0.133515546419501,0.0488917707063774,0.00032827294411452,4.54990181354092,0.652706903308899
7900,900,1,66.9232591892379,258.814277100787,0.13055733472569,-0.454618273050144,0.101373777079602,0.00179700238694324,0.845331953018458,0.767944870877505
7900,1000,1,74.7311860967399,197.880412018358,0.133747535231413,-0.45797415388382,0.0859777319909119,0.00131085665585911,6.28318530717959,0.767944870877505
7900,1100,1,58.81837307918,0.695938222824388,0.103201786673581,-0.416186847094895,0.0237203420167355,-0.00173751813390991,3.7433132047155,0.767944870877505
7900,1200,1,97.1352067958283,429.75507285442,0.0251756043452693,-0.121791747675826,-0.00631092694938764,0.00138866841517665,6.13596867315494,0.545540053449552
7900,1300,1,78.5009090413516,39.0372344288831,-0.0132711729815949,-0.0812346185904514,-0.0226979266239736,0.00114055510444619,6.28318530717959,0.767944870877505
7900,1400,1,74.4154034847128,14.2082051824822,0.0292579447649873,-0.127668923891778,0.0607140164467899,-0.00118930887370052,2.86113281629855,0.351990305976826
7900,1500,1,71.0359918662729,87.3487773404815,-0.00453694799042964,-0.0559411596528798,0.0429513410080497,-0.00129411123593495,3.52620757888306,0.637289107585945
7900,1600,1,69.5265187356267,0.052480794414933,0.0131925638765055,-0.0866928850294149,0.056788044862463,0.000785409331374849,6.28318530717959,0.71766249839037
7900,1700,1,68.8337128301955,7.90115686414303,0.00466227630633823,-0.071767496853811,0.0472418132204457,0.000828768283026345,0.311384322871844,0.767944870877505
7900,1800,1,69.4684257378066,12.6895977761354,0.00359981958131863,-0.0730215926625065,0.0393817368159328,-0.000574824219076711,3.9154646088265,0.767944870877505
7900,1900,1,69.1131452377168,0.0630882514585096,-0.0074468243878783,-0.0495202277906226,0.0364177338648546,-0.000896362662094418,3.59630890334791,0.767944870877505
7900,2000,1,69.7533461525411,1.61245512388035,-0.00583961633376074,-0.0531053115327117,0.0295099732658727,0.000728010490006044,0.454001309428254,0.767944870877505
8000,900,1,64.0009462521864,326.217558624396,0.118669125281051,-0.427489097271453,0.0597516824971963,-0.00138449294680052,4.0020765067737,0.659899983496667
8000,1000,1,59.8601996800728,10.357285811272,0.116579064022672,-0.450043509729651,0.0100521659876372,-0.00169357067354232,3.79751674134931,0.767944870877505
8000,1100,1,63.8233753563716,15.6347018952514,0.0283302956256935,-0.174956411487982,-0.0288181552597357,-0.00109048824763635,3.7876838774143,0.767944870877505
8000,1200,1,71.5055956783704,81.529489140323,-0.00726972481682099,-0.0574475718024303,-0.000241983501422642,-0.000828774378616918,3.71146099793659,0.482850457798735
8000,1300,1,68.0631910900068,15.3857763502323,0.0152028385988116,-0.0968733547194819,0.0643373691349431,-0.00117229814391386,2.72265923360643,0.767944870877505
8000,1400,1,70.6874269489442,2.09151644777847,0.00981433484426166,-0.0666051564563514,0.0824926754506143,0.000576959845963418,5.89805363419318,0.701622678994847
8000,1500,1,70.24368326033,1.92148669289764,-0.0091617003261813,-0.0312687086250845,0.0651102324214398,0.000773437787424525,6.28318530717959,0.767944870877505
8000,1600,1,72.0844279541024,0.193735544817741,0.00940124789878495,-0.0696682873131057,0.0784844963088225,-0.00044902009190985,2.72006754560579,0.717845178605332
8000,1700,1,71.9052910017657,16.3340423637251,-0.010096584314653,-0.0339017447498154,0.0511776227687589,-0.000604520652160177,2.85660671216929,0.736195660911217
8000,1800,1,71.2241261561839,0.51818307570386,-0.0228439334069321,-0.00605388339187136,0.0534013613000349,0.00067889963902825,0.519091270427271,0.767944870877505
8000,1900,1,72.6419324371102,14.9928518549412,-0.00473888744554589,-0.0624758215542073,0.00448057243107866,-0.000531351934378443,3.46496719460137,0.761688445738231
8000,2000,1,71.5189167319715,5.75619560372616,-0.0224120613300236,-0.0140708399202597,0.0277627834012887,-0.000736266954071748,3.8076445821888,0.767944870877505
8100,900,1,61.4559326747183,0.477271831823067,0.133504689009043,-0.494756440939915,-0.010805612250595,0.00174295902998482,0.802318192323561,0.767944870877505
8100,1000,1,64.9399495439715,11.3070563203699,0.0251644189714732,-0.163567429296011,-0.0190255453230871,0.000723698887813351,6.28318530717959,0.767944870877505
8100,1100,1,62.0618233787889,0.743435132233294,-0.0113782036753874,-0.063673637221821,-0.000285601603329677,-0.000974754110554515,3.76702012576304,0.767944870877505
8100,1200,1,65.9325734285502,355.60320362363,0.198816338408717,-0.402912235551414,0.293339797132996,0.00247073967072254,6.13995953122493,0.760652753220929
8100,1300,1,72.8889169841631,3.85135487210242,-0.0569372074171531,0.066700359732769,0.0567309831083883,-0.000652153404885692,2.88023088391553,0.66530524955155
8100,1400,1,72.8422664790172,1.0829535881367,-0.0484563086448296,0.0567235598237991,0.0729812032550459,0.000457607455021381,6.28318530717959,0.767944870877505
8100,1500,1,73.9638025611043,36.1211378512163,-0.0511361921222315,0.0529293735377472,0.0394477732595714,-0.000421898747565094,2.63480213431834,0.684062037174681
8100,1600,1,76.240714559806,4.1534456030071,-0.0466477794984995,0.0447094961097703,0.0284939881162091,0.000730085924179241,5.49922201846939,0.660008862239766
8100,1700,1,75.8785612291492,4.47888655479254,-0.0177973364063163,-0.0253854878355687,0.0157764652791848,-0.000250018808011851,1.96340772633977,0.698644916835223
8100,1800,1,73.9029164464494,0.349483058176148,-0.0494831453708361,0.0615008469555601,0.0811326708306885,-0.000397190765496286,3.3912548253179,0.767944870877505
8100,1900,1,74.6334134496516,1.41965349600959,-0.0397737568523742,0.0298940167988771,0.0483942691772638,-0.000481450269866858,3.49757798111408,0.649601208915394
8100,2000,1,72.1922404975717,0.786666512493994,-0.039620392580753,0.0269900411003929,0.0556708088442732,-0.000774366360855028,3.99736393950402,0.74209980160943
8200,900,1,71.1346271656643,0.37734832699492,0.0176888290980586,-0.15481045566106,-0.00888813035198953,0.000936277413942011,0.678458722130486,0.489669596248532
8200,1000,1,67.3984245820705,23.7513854102204,-0.00924943406561145,-0.0544524395382924,0.0199571401892114,-0.000491276482188171,4.52388758437441,0.746145705029437
8200,1100,1,99.5323754205809,16.7442548812101,-0.00707285004281245,-0.0386607964799576,0.0217547515715589,-0.00179157199324751,2.88116327872902,0.522134655922909
8200,1200,1,79.0761313720342,0.047634967965493,-0.110435726369885,0.16929782134305,0.0726178518613957,0.00125399747444468,5.71469518855271,0.549491230949463
8200,1300,1,77.5499016506777,0.406402750179424,-0.111244910954974,0.148856763945458,-0.0244185324436657,0.00118255602762702,4.80220647705353,0.767944870877505
8200,1400,1,78.4382409205859,13.7134794073489,-0.0778935476820463,0.107045363628117,0.0522591577576242,0.00108179412841361,4.99249695648724,0.62023362088642
8200,1500,1,76.6106291570392,0.00619159300292438,-0.113056630650156,0.200093919162815,0.111075163956792,-0.000387649786309236,2.36135233427962,0.767944870877505
8200,1600,1,75.2274908041824,33.1213709438511,-0.0569030248461428,0.0607498068483195,0.0390339910483353,-0.00019013684877195,2.12232299172912,0.741244270884466
8200,1700,1,85.1018396134687,105.152023331048,-0.103746445730111,0.153754684857634,0.0703037195302249,-0.00116214539030926,3.64507523625428,0.355366561608897
8200,1800,1,73.2966938600834,3.42331006716101,-0.0435684453312878,0.0292907928966021,0.0521687655519212,0.000526809051127569,0.652977252248624,0.767944870877505
8200,1900,1,71.1149813246143,0.0516049693818132,-0.0380547168070658,0.0113191037103009,0.0573853160350679,0.000817984304536462,1.25296413225088,0.767944870877505
8200,2000,1,75.7219444165879,81.9557499476272,-0.00996833836040189,-0.0573308203465087,0.0687703621867332,0.000241086902928131,0.477291384902634,0.547030092340564
8300,900,1,66.5608676426277,63.0199747710531,-0.0125540001283861,-0.0783374106558268,0.0139831231637075,-0.000567384246442592,4.16188243348362,0.527194581966509
8300,1000,1,66.8892388107127,0.338116838533509,-0.00551698732627665,-0.0597426106011035,0.00650352761433689,0.000346360147606588,1.00639026928536,0.767944870877505
8300,1100,1,69.2125620050691,15.7684930047282,-0.00682335873839869,-0.0533054219509716,-0.00113428786401543,-0.000184978132703107,4.42071860325289,0.71417260417405
8300,1200,1,76.5882671720227,0.938459850356566,-0.252204512219312,0.396779082169763,-0.0485815502968347,0.00130983583606421,5.24224128609421,0.767944870877505
8300,1300,1,78.279152899402,0.668420195633246,-0.257705867568123,0.438244324446189,-0.00913782725824186,0.000589412102579045,0,0.767944870877505
8300,1400,1,74.3903180100953,0.0835217960407419,-0.173247210347795,0.28154913552723,0.0485609055956492,-0.000388288246109991,2.37005060786671,0.767944870877505
8300,1500,1,74.9029839397345,0.13933113710678,-0.119033669290449,0.177231172071725,0.089808468562484,0.000460319339231264,4.72598020160179,0.676470671761914
8300,1600,1,77.7657809836472,0.730256083836522,-0.131401207150377,0.208905618105247,0.128180397304067,-0.000271555040483427,2.76218231241009,0.503802642472853
8300,1700,1,70.3224268460198,37.8022684214308,-0.136431733501571,0.220098422862512,0.160039190325075,-0.00037414488437175,4.678552933653,0.767944870877505
8300,1800,1,69.767964509597,18.4108813869695,-0.0972683543235901,0.134203592428697,0.161390768796468,0.000354541917291759,2.52320454019664,0.767944870877505
8300,1900,1,73.7519557921055,139.747137247373,-0.0801357660972837,0.0704065619975675,0.168612730009884,-0.00058168619337687,4.38253537323306,0.700067403475073
8300,2000,1,83.8059429205231,465.04947923495,-0.0215727393548476,-0.0444993469413435,0.112346210087614,9.46212146084673e-05,4.77459251492577,0.58639858001252
