Dep,TOF,Nr,DV,T_viol,a2,a4,a6,G2,G3,Range
8000,700,1,28.7621,549.609,-0.000687,-0.174574,-0.079779,-0.002231,3.447946,0.742776
8000,700,2,31.2576,942.6804,3.1e-05,-0.097116,-0.046371,0.001274,0.280895,0.415098
8000,800,1,32.8001,499.5909,0.002549,-0.17859,-0.084801,0.002261,0.278037,0.368094
8000,800,2,29.3689,933.8221,0.000141,-0.096354,-0.046577,-0.001261,3.411185,0.681888
8000,900,1,32.4683,411.7981,0.005332,-0.177796,-0.089985,-0.00222,3.378941,0.574627
8000,900,2,1782.0596,33678.0291,-0.202881,0.703203,0.630863,0.00048,4.149369,0.251411
8000,1000,1,34.3717,255.0801,0.007056,-0.167905,-0.0943,-0.002154,3.320718,0.766084
8000,1000,2,33.6785,825.3776,0.001742,-0.096482,-0.051361,0.001111,0.360521,0.554899
8000,1100,1,35.0634,0.0946,0.005348,-0.13558,-0.084826,-0.001845,3.374399,0.599378
8000,1100,2,35.6394,491.6661,0.001248,-0.084401,-0.050409,0.00101,0.248092,0.678417
8000,1200,1,41.7849,0.0586,-0.080684,0.047267,-0.060709,-0.001765,2.934875,0.763608
8000,1200,2,28.552,218.0499,0.000388,-0.103726,-0.048619,0.001212,0.236098,0.765124
8000,1300,1,43.4926,0.0497,-0.056075,-0.002906,-0.01991,-0.001487,2.951733,0.390016
8000,1300,2,28.7869,221.9599,0.000623,-0.103138,-0.045667,-0.001182,3.414756,0.767945
8100,700,1,30.0951,506.1481,0.000723,-0.178931,-0.084523,-0.002234,3.552235,0.649095
8100,700,2,29.6068,926.0672,0.000114,-0.097722,-0.04739,-0.001247,3.530391,0.68135
8100,800,1,32.6017,409.4637,0.004513,-0.180735,-0.091827,-0.002222,3.508256,0.576603
8100,800,2,30.7202,886.2021,0.000383,-0.097279,-0.048464,-0.001242,3.515231,0.658908
8100,900,1,34.7471,246.7528,0.006884,-0.172086,-0.097437,-0.002161,3.453548,0.646914
8100,900,2,33.1328,778.5217,0.000864,-0.095658,-0.050659,-0.001196,3.479831,0.608895
8100,1000,1,34.8386,0.0052,0.004718,-0.138288,-0.086028,0.001873,0.354146,0.644426
8100,1000,2,35.8075,483.2599,0.001215,-0.085371,-0.051303,0.001016,0.373967,0.640604
8100,1100,1,44.907,0.0913,-0.094218,0.082734,-0.01591,0.001486,6.060087,0.76794
8100,1100,2,28.8553,225.0328,0.000505,-0.105793,-0.050296,-0.001201,3.52383,0.764423
8100,1200,1,46.8933,0.4286,-0.066731,0.024513,0.018362,-0.001147,2.92316,0.535103
8100,1200,2,29.1435,225.8111,0.000734,-0.104883,-0.047235,0.001168,0.41817,0.767754
8100,1300,1,47.2061,0.0047,-0.061732,0.011316,0.02549,-0.001109,2.922814,0.640636
8100,1300,2,29.1539,219.5074,0.000604,-0.102941,-0.047504,-0.001165,3.563131,0.767495
8200,700,1,32.6412,402.7342,0.003883,-0.184938,-0.094853,0.00222,0.516363,0.494623
8200,700,2,31.5668,872.3866,0.000406,-0.099088,-0.049982,0.001237,0.525661,0.469299
8200,800,1,44.886,140.0265,0.012049,-0.182423,-0.114712,0.001953,6.283185,0.528806
8200,800,2,33.3768,765.4381,0.000862,-0.097248,-0.052115,-0.001192,3.631441,0.538407
8200,900,1,34.8858,0.0035,0.004285,-0.142412,-0.088626,-0.001873,3.651778,0.728649
8200,900,2,36.0345,473.5621,0.001224,-0.086556,-0.052701,-0.001019,3.666174,0.603203
8200,1000,1,48.1743,0.1098,-0.112826,0.118215,0.044275,0.001053,5.973212,0.564438
8200,1000,2,29.2235,230.7194,0.000668,-0.107928,-0.0525,-0.00119,3.691486,0.766402
8200,1100,1,50.1079,0.0358,-0.083123,0.053181,0.07454,-0.000723,2.817898,0.569844
8200,1100,2,29.5339,230.2101,0.000895,-0.10672,-0.049341,0.001154,0.585436,0.748517
8200,1200,1,45.0723,0.0147,-0.06227,0.035914,-0.083536,0.000654,0.784998,0.751064
8200,1200,2,29.6033,223.4781,0.000778,-0.104819,-0.049502,-0.00115,3.729257,0.586597
8200,1300,1,43.2096,0.1305,-0.049108,-0.009956,-0.059101,0.001011,0.937579,0.758815
8200,1300,2,29.6284,214.5322,0.000596,-0.102582,-0.049527,-0.001145,3.734735,0.76452
8300,700,1,35.8592,219.044,0.007287,-0.184438,-0.110621,0.002165,0.681086,0.662402
8300,700,2,33.9987,747.2735,0.000948,-0.099396,-0.054839,-0.001187,3.849137,0.403327
8300,800,1,35.0756,0.0975,0.003652,-0.148271,-0.093211,-0.001926,3.863577,0.372622
8300,800,2,37.8565,459.1982,0.00136,-0.088148,-0.055503,-0.001026,3.882418,0.216907
8300,900,1,54.0279,0.2502,-0.169741,0.204566,0.141876,-0.000287,2.503494,0.553696
8300,900,2,29.7772,232.618,0.001054,-0.110618,-0.05601,0.001176,0.78517,0.52069
8300,1000,1,50.2731,0.2155,-0.102738,0.131693,-0.128465,0.000565,6.280729,0.577742
8300,1000,2,30.1271,229.2354,0.00132,-0.109344,-0.052755,-0.001136,3.961116,0.568511
8300,1100,1,44.685,0.1995,-0.068324,0.043233,-0.076207,-0.000709,4.177808,0.515253
8300,1100,2,30.1065,223.5318,0.001122,-0.107103,-0.052937,-0.001133,3.968985,0.708996
8300,1200,1,43.0486,0.16,-0.052876,-0.008055,-0.054801,-0.001062,4.289782,0.746827
8300,1200,2,30.1825,214.3458,0.000914,-0.104728,-0.052888,-0.001127,3.973201,0.700575
8300,1300,1,41.7647,0.1633,-0.043981,-0.043107,-0.042836,-0.001327,4.292677,0.766546
8300,1300,2,30.438,199.4445,0.000617,-0.101813,-0.052424,0.001116,0.837889,0.597
8400,700,1,34.8947,0.0218,0.003076,-0.156793,-0.107617,0.001971,1.203303,0.615849
