Dep,Tof,Nr,DV,T_viol,a2,a4,a6,G2,G3,Range
7700,900,1,72.0316662440635,252.494385352268,0.0974715259557725,-0.348328803967677,0.140345832012604,-0.00180905005828336,3.78522664187407,0.769690187972087
7700,1000,1,70.5545182882378,182.332854185036,0.0975455136015222,-0.358343380429273,0.134615305882698,-0.00185159796045675,3.75173048951844,0.769299997984227
7700,1100,1,68.1424177063379,90.894188485932,0.0952471757418097,-0.364229690889207,0.121900962045884,0.00188332079760537,0.567569916218374,0.769690187689241
7700,1200,1,64.7629744042803,24.8564341757291,0.0984878795199559,-0.38865328294286,0.116577355896587,-0.00196598166694904,3.5105046980551,0.671156053528185
7700,1300,1,55.6740214832954,2.59737849006569e-05,0.0627863929484204,-0.292289625279349,0.0484734543134083,-0.00174996611055821,3.45812704493273,0.767497452923364
7700,1400,1,57.2154495957411,1.9396804873395e-05,0.0244625988575534,-0.15913881886607,-0.0193426144113025,0.00156427894803469,6.28318530687376,0.767944737143672
7700,1500,1,66.157440409555,0.000280269100727537,-0.00480562879579222,-0.0704363572499472,-0.0118303485771061,-0.00143444928252648,3.58347427026073,0.766153142823373
7700,1600,1,61.4205063289243,5.85869130986794e-08,0.0322144636268194,-0.127435737340673,0.0653056431022392,-0.00153637041807017,3.08831325884513,0.764665374961744
7700,1700,1,62.9309738997881,7.61671898885652e-06,0.0188290251839145,-0.112088762979162,0.0433265122435008,0.00133433051400075,0.120229354599715,0.765208121149193
7700,1800,1,63.5771735187026,5.48652339560363e-05,0.013870078784643,-0.106155769247495,0.0346356039206622,-0.001302386516712,3.2911044438231,0.765094785162093
7700,1900,1,63.9447951186123,1.80471531052717e-06,0.00903687796481776,-0.0992736520921074,0.0270637210865695,0.00130448751785478,0.221648649889365,0.765291606354114
7700,2000,1,64.1512246925495,7.95258330299475e-06,0.00599996703123685,-0.0946032895129433,0.0223668305648923,0.00133752219188141,0.254596046928127,0.765430410824101
7800,900,1,76.0573746544282,288.183020909136,0.114302382561887,-0.406028577214858,0.120345558084641,-0.00186509361938583,3.93032415195949,0.769690149205715
7800,1000,1,73.6171960428077,193.794163745831,0.111218286962233,-0.411012466226827,0.106171954727751,0.00189774022593087,0.745567409898557,0.769690148238563
7800,1100,1,69.9052780930646,75.9533350239803,0.102283146891601,-0.401926263641117,0.0797543746430173,0.00190498912126736,0.688363571975889,0.769690197989111
7800,1200,1,57.4014823515392,1.18078681055067e-05,0.0838669343442299,-0.359438702782568,0.037865080546355,0.00175399302678803,0.491526384704505,0.767810641754209
7800,1300,1,58.8455711999835,1.76072969537699e-06,0.0275075321912665,-0.172575425939693,-0.0262584572835712,-0.00145641534027746,3.46135516736256,0.76660095757692
7800,1400,1,66.2976041619759,2.9742608376182e-08,-0.00627989938538639,-0.0679646999585222,-0.0132220779269352,-0.00140081752608022,3.73478462125456,0.765421215612656
7800,1500,1,63.7643813925271,2.98969027312523e-07,0.036910640104793,-0.125533652916541,0.0834737915115136,0.00134569130681949,0.0866123672186433,0.765234847621993
7800,1600,1,65.3843282480851,2.97011517602641e-06,0.0221706914913926,-0.109363985392267,0.0574820421633787,-0.0011376744840963,3.27610393640319,0.765219934152349
7800,1700,1,66.158172120599,2.06497283272711e-05,0.0130905200899407,-0.0965431918313056,0.0433752627914856,-0.00107326454376876,3.3762158042154,0.765349025650104
7800,1800,1,66.6197596930601,2.35529711289928e-06,0.0072538618783947,-0.0874491563387522,0.0350925572573352,0.0010658958443788,0.327405446988376,0.765572735895771
7800,1900,1,66.9181159098446,6.88551438088325e-09,0.0026653667624124,-0.0795386116469204,0.0292754777476312,-0.00111335808257153,3.4945172583208,0.765233154983249
7800,2000,1,67.0977615588313,3.96344645992031e-07,-0.000100991808556509,-0.0747063049452804,0.025608909505723,-0.0011282773659251,3.54173918338246,0.765724545676591
7900,900,1,76.9294347656081,251.022999309902,0.127047655105341,-0.451543955690103,0.0928084546325841,0.00187944401591448,0.879557543129196,0.769689973382748
7900,1000,1,82.5944484127483,197.524468056543,0.133949591800387,-0.458539573301076,0.0859717556103078,0.00130962964374816,6.28313095684258,0.769398159221818
7900,1100,1,58.8051042520844,1.00053458851335e-06,0.103251485923186,-0.416112220872281,0.0237320127395964,-0.001744989659572,3.7447813062538,0.767944513968898
7900,1200,1,61.6502125846241,2.23185145031835e-05,0.030993767428623,-0.179624501400097,-0.0323181128459026,0.00109826849802793,6.26828501429335,0.766095709845153
7900,1300,1,75.3064899276696,132.277215517139,-0.00943010447310545,-0.0641495209732179,-0.00921414133484471,0.00111413624667116,6.2831835914076,0.769664844739005
7900,1400,1,65.5708802050014,8.82814141789368e-06,0.0418295016773977,-0.122815065058286,0.106407172401514,-0.00127844376351261,3.1116262614221,0.765090627436366
7900,1500,1,67.3118990611558,9.40045268293943e-06,0.0151445641902903,-0.0864973987919658,0.0659805845699336,-0.000991063441382681,3.2679522190472,0.765210402854952
7900,1600,1,68.3914268809976,4.61852778244065e-12,0.0160618818011776,-0.0917394625964479,0.0612774619454039,0.000844448723039035,6.22022526678917,0.764803810956621
7900,1700,1,68.6117198705055,4.31584584958955e-05,-0.00126838170166311,-0.0605808046183687,0.0437408554317942,0.000871344263199644,0.364187656601369,0.765611507894363
7900,1800,1,68.948140626956,1.33297461957227e-07,-0.00560349798481709,-0.052710398499026,0.0390638751710951,-0.000906240622357391,3.53317665850733,0.765315044560129
7900,1900,1,69.1314246386873,2.80029972543616e-06,-0.00867124793941545,-0.0470229858576804,0.0357022127142863,-0.000910305637522097,3.58559552484326,0.766420529021117
7900,2000,1,69.2698967214846,9.02359893473204e-06,-0.0117912517694935,-0.0410105559388033,0.0332907158941411,0.000970684731610876,0.525291188398294,0.76586870323495
8000,900,1,72.678857783962,161.504872286942,0.1579422018421,-0.549949689887696,0.0744945131777482,-0.00194387756678175,3.91104285722608,0.671203905843671
8000,1000,1,60.0200463410063,5.50495471429713e-07,0.118301379887097,-0.456925757955131,0.00775158200358814,-0.0017484907552018,3.83869874770782,0.767869015331088
8000,1100,1,60.641856527254,1.05648073400744e-05,0.028314967258788,-0.17591595713182,-0.0308172488298923,-0.00128376805325277,3.67690549780674,0.765668609198096
8000,1200,1,63.3112476533959,1.29702826257017e-07,-0.00902735791706234,-0.060648955156346,-0.00586582535702209,-0.00115636282682754,3.83917080831985,0.766418416733253
8000,1300,1,68.4472851785842,0.000129773262003141,0.0152302743825433,-0.0966762912572575,0.0643322382388122,-0.00118614656017996,2.72195737708617,0.767944803468415
8000,1400,1,69.402268976481,8.33362669538928e-05,0.00766482906673514,-0.0614554832391428,0.0826303824533026,0.000844788196802551,6.173337599293,0.762662801343041
8000,1500,1,70.2942352429931,3.65843430216728e-05,-0.00351728321349967,-0.0422636749740356,0.0699973740459616,0.00070353803667013,6.17791968122828,0.766741576380999
8000,1600,1,70.6267410962158,3.31128191533026e-06,-0.015079359265781,-0.0210216385074638,0.0591097376880839,-0.000652548851274978,3.38163770614726,0.762937418848737
8000,1700,1,70.9589972444406,4.45183161446039e-06,-0.0202424700802524,-0.0110335806995428,0.0556170820712149,-0.000674159859965876,3.48316479523975,0.762699222946397
8000,1800,1,71.199058323178,9.19573750479685e-08,-0.0248675306665506,-0.00180191705533902,0.0529058058159651,0.00071152795864126,0.48228348663777,0.766978814623667
8000,1900,1,72.9902401498216,1.16347393941396e-06,-0.0046853547125551,-0.0615693409629324,0.00429844795128255,-0.000507397282832453,3.46453166029586,0.761690204264355
8000,2000,1,71.35415697433,8.79964545674738e-08,-0.0113238074545042,-0.0491993397880084,0.00932685558148988,-0.000750778543245715,3.97728466917863,0.766477449302496
8100,900,1,61.4723822859447,2.48766482968676e-06,0.133499055764842,-0.494872674133198,-0.0108020423075315,0.00174342562411747,0.802312893434084,0.767944868941714
8100,1000,1,64.5411440955118,7.23868964769281e-08,0.0257774634481434,-0.165160829377021,-0.0185882302112384,0.000736059507859609,6.28318530697488,0.767944829781669
8100,1100,1,61.969999384486,5.9380506378659e-05,-0.0106866353563959,-0.0613523636481227,0.00115295064318871,-0.000954711979323342,3.8366101016313,0.764589562018407
8100,1200,1,16125.5963756057,265664.419366843,0.198546706260972,-0.579289649562491,0.0467597984198344,-0.009947607083628,5.71687896319949,0.672892227093234
8100,1300,1,71.9036914893567,1.22098878563293e-05,-0.0346425392758442,0.0344333951489654,0.095302703335758,-0.000752572069292154,2.98417188686078,0.757676222394235
8100,1400,1,72.6989113621782,7.96852184237196e-06,-0.038484814801916,0.0400135176138446,0.0894579384018476,0.000583460954456615,6.01991990547717,0.758401089572097
8100,1500,1,73.1403023856294,5.48239540876239e-05,-0.0459474341572706,0.0546547874050678,0.0853419917657579,-0.000508675761571163,3.13239377809734,0.75828055105827
8100,1600,1,73.573418959355,9.20520264457991e-06,-0.0431615612699597,0.048501266450412,0.0858298418686132,0.000403629551083908,6.05681436574919,0.756470860141886
8100,1700,1,74.7436369634871,1.33602807039779e-05,-0.0470519381403059,0.0422903532534117,0.0142154849105039,-0.000279792292450745,3.2509638709662,0.75860402123298
8100,1800,1,73.9112441784442,9.14850168953762e-06,-0.0494805521935928,0.06151899793374,0.0811342619265545,-0.000396862005229739,3.39125370799872,0.767944844851985
8100,1900,1,74.6606416363989,1.38538140959099e-05,-0.0397649057659829,0.029969390575107,0.0483925274015241,-0.000481458740150592,3.49757827233683,0.649601431022752
8100,2000,1,70.839691386948,1.34008342200787e-05,-0.0171537709920616,-0.0384703365146147,0.0265878022945883,-0.000950976301025025,4.18812964250564,0.760699004787557
8200,900,1,62.8159866527035,2.47115062634862e-05,0.0167042552563864,-0.149035241621504,-0.00416132637331942,0.00102169566501434,0.789367088968514,0.764555724730428
8200,1000,1,61.8530810665002,2.65609411798096e-05,-0.0114431338901686,-0.0696444605637695,0.00771819450960541,-0.000803434917940329,3.81548206669228,0.764138169893733
8200,1100,1,63.5404824769132,48.2466323536283,-0.0121551321013557,-0.0477911467629244,-0.00780257683431947,-0.000432195586933703,3.35111110660619,0.769686426390498
8200,1200,1,78.2567464379312,0.000180088042256443,-0.117398664268452,0.190181766092577,0.0851816190183352,0.000878572723352569,5.66539851442134,0.568666214554247
8200,1300,1,77.5637205137385,0.000205087237148405,-0.111244317045602,0.148867576928296,-0.024418000520162,0.00118296612609269,4.80222059244237,0.7679447172001
8200,1400,1,77.2543966027692,0.000224926362335509,-0.0997953153612792,0.14855620639839,0.0215645194938821,0.000908014405219041,4.94214764880125,0.759451444407498
8200,1500,1,76.6104429082337,8.33733647453982e-05,-0.113056589639036,0.200093650718304,0.111076187873732,-0.000387646927875631,2.36135350286455,0.767944857936519
8200,1600,1,75.398091843038,2.48873767816349e-05,-0.0649342572492714,0.0752683279377998,0.0222081208008521,-0.000155593921318021,2.37823072560274,0.761157177497176
8200,1700,1,75.2509212799068,3.0424972052856e-05,-0.0637146852907968,0.0861767661254197,0.0728522657883475,0.000208762860550226,4.41476793206459,0.760528220306425
8200,1800,1,72.7387935133035,5.10587110369443e-05,-0.0402187401130828,0.018721708228553,0.0439027284437798,0.000522832062491309,1.2007380085796,0.762470581379602
8200,1900,1,71.1632939232636,3.12077784059284e-05,-0.0377447984723064,0.0103437323277263,0.0566834584353905,0.000830496326630515,1.26796752041277,0.764415543910022
8200,2000,1,70.0313292975386,0.000136543727435878,-0.00446808369612821,-0.0828718413428046,0.0369504268012952,0.000982610485434774,1.25606860448795,0.761299573790397
8300,900,1,62.9808320989927,79.3229508139877,-0.0143584128834366,-0.080390831654106,0.0142793198435731,-0.000674063988995574,4.06664844604132,0.769689783530696
8300,1000,1,66.6021721500805,3.19633461032254e-05,-0.00472728045833952,-0.059677626227862,0.00563583091090791,0.000483017847295332,1.33599855296849,0.764973209248535
8300,1100,1,67.6249449162884,91.3879348778474,-0.011711670045712,-0.0449718820341684,-0.00388302799024476,-0.000277726421432451,4.23504142696893,0.769688099056549
8300,1200,1,137.955900687955,0.000147443910236689,0.035448281973755,-0.148248147781431,0.187082737551463,-0.00978651307759024,2.48696362992758,0.759596160822507
8300,1300,1,15642.9901129642,311969.936482447,-0.0100956415771164,0.595983544565913,-0.0296819704523105,0.00880980323756139,0.595624002379537,0.763753152805067
8300,1400,1,74.2816416413358,7.67011730573586e-05,-0.163658281753336,0.26273745619835,0.0566179429442709,-0.000475620785668121,1.80205968935911,0.763640492496999
8300,1500,1,73.0575571898503,1.23422243092364e-05,-0.138727315654942,0.218951117049707,0.0873520146365754,0.000163146323044908,4.61644840496994,0.764416418561994
8300,1600,1,71.8242643033615,0.000136400280936755,-0.126077550009496,0.196957169590757,0.118545816468569,2.96034402815178e-06,3.07776392605177,0.76455223332669
8300,1700,1,70.3962176441051,3.41051901386891e-05,-0.103070245669494,0.145594565636918,0.124631207895461,-0.000371517894771178,4.70865931989549,0.763978988639193
8300,1800,1,68.6655447904848,6.42404135220431e-05,-0.0911254375831596,0.116383093856551,0.141045611106208,0.000642336499073204,1.57350244199485,0.764055813576107
8300,1900,1,69.9466078627193,5.81178031922036e-05,-0.0287785674140085,-0.0373182762503134,0.0889360525572175,-0.000814032232683505,4.71381112890659,0.763219800941777
8300,2000,1,69.5418878518806,0.0144982448968989,-0.0199380371406177,-0.0648907557874448,0.0731305111573546,-0.00120203288098845,4.5011940027154,0.765174734248623
