Dep , TOF, N  ,  DV   ,   T_viol    ,   a2    ,   a4   ,   a6    ,    G3    ,    G4     ,   Range
9630  600  1  6.0951  40.3364  0.001808  0.003909  0.003029  0.000052  3.171659  0.603602 
9630  600  2  6.1518  549.0920  0.000557  0.003088  0.000033  -0.000038  1.538921  0.574400 
9630  620  1  6.0255  33.7944  0.001597  0.003621  0.003109  0.000054  3.234439  0.598403 
9630  620  2  6.0952  542.3588  0.000529  0.002882  0.000059  -0.000042  1.509386  0.534409 
9630  640  1  5.9781  27.0020  0.001468  0.003080  0.003023  -0.000054  6.283185  0.567368 
9630  640  2  6.0422  536.0457  0.000504  0.002679  0.000037  -0.000045  1.474916  0.487620 
9630  660  1  5.9274  20.4902  0.001359  0.002582  0.002910  0.000056  3.272039  0.448600 
9630  660  2  5.9723  529.1583  0.000479  0.002493  -0.000022  0.000047  4.585654  0.701006 
9630  680  1  5.8816  13.7557  0.001282  0.001999  0.002591  0.000052  3.260897  0.552443 
9630  680  2  5.9336  523.5187  0.000443  0.002412  -0.000087  -0.000050  1.310364  0.314416 
9630  700  1  5.8471  7.4761  0.001198  0.001526  0.002173  -0.000047  6.283185  0.611170 
