Dep , TOF, N  ,  DV   ,   T_viol    ,   a2    ,   a4   ,   a6    ,    G3    ,    G4     ,   Range
9615  600  1  6.0691  54.4287  0.001666  0.006103  0.003769  0.000108  3.122782  0.734416 
9615  600  2  6.1582  562.0731  0.000564  0.003648  0.000324  -0.000046  0.849941  0.452600 
9615  620  1  6.0142  47.0681  0.001553  0.005539  0.003930  -0.000109  0.001457  0.568898 
9615  620  2  6.1085  555.3073  0.000537  0.003446  0.000366  0.000050  4.028081  0.381206 
9615  640  1  5.9806  39.0865  0.001461  0.004820  0.003981  0.000101  3.214599  0.716546 
9615  640  2  6.0477  548.2153  0.000511  0.003235  0.000365  0.000054  4.037868  0.422408 
9615  660  1  5.8864  32.9132  0.001341  0.004370  0.003911  0.000107  3.217083  0.744990 
9615  660  2  5.9883  541.2480  0.000487  0.003028  0.000321  0.000057  4.032517  0.476403 
9615  680  1  5.8667  25.0049  0.001261  0.003638  0.003644  0.000101  3.154052  0.678433 
9615  680  2  5.9227  533.9967  0.000462  0.002835  0.000244  0.000059  4.031396  0.718603 
9615  700  1  5.8547  18.0995  0.001282  0.002747  0.003151  0.000099  3.135450  0.464922 
9615  700  2  5.9600  526.7349  0.000440  0.002626  0.000124  -0.000056  1.066761  0.447804 
9630  600  1  6.0983  40.0233  0.001806  0.003902  0.003050  -0.000051  0.000000  0.610809 
